19 joints
0 1 0.0 0.0 0.0 H 1.0 0.0 0.0
0 0 0.0 0.0 0.0 H 1.0 0.0 0.0
1 2 0.0 0.0 0.0 S 0.0 0.0 0.0
1 1 0.0 0.0 0.0 S 0.0 0.0 0.0
2 2 0.0 0.0 0.0 S 0.0 0.0 0.0
2 3 0.0 0.0 0.0 S 0.0 0.0 0.0
3 3 0.0 0.0 0.0 H 1.0 0.0 0.0
3 4 0.0 0.0 0.0 H 1.0 0.0 0.0
4 2 0.0 0.0 0.0 S 0.0 0.0 0.0
4 10 0.0 0.0 0.0 S 0.0 0.0 0.0
5 10 0.0 0.0 0.0 S 0.0 0.0 0.0
5 11 0.0 0.0 0.0 S 0.0 0.0 0.0
6 11 0.0 0.0 0.0 S 0.0 0.0 0.0
6 12 0.0 0.0 0.0 S 0.0 0.0 0.0
7 12 0.0 0.0 0.0 S 0.0 0.0 0.0
7 8 0.0 0.0 0.0 S 0.0 0.0 0.0
8 8 0.0 0.0 0.0 S 0.0 0.0 0.0
8 7 0.0 0.0 0.0 S 0.0 0.0 0.0
9 7 0.0 0.0 0.0 S 0.0 0.0 0.0
9 6 0.0 0.0 0.0 S 0.0 0.0 0.0
10 6 0.0 0.0 0.0 H 1.0 0.0 0.0
10 5 0.0 0.0 0.0 H 1.0 0.0 0.0
11 8 0.0 0.0 0.0 S 0.0 0.0 0.0
11 9 0.0 0.0 0.0 S 0.0 0.0 0.0
12 9 0.0 0.0 0.0 S 0.0 0.0 0.0
12 14 0.0 0.0 0.0 S 0.0 0.0 0.0
13 14 0.0 0.0 0.0 H 1.0 0.0 0.0
13 13 0.0 0.0 0.0 H 1.0 0.0 0.0
14 14 0.0 0.0 0.0 H 1.0 0.0 0.0
14 13 0.0 0.0 0.0 H 1.0 0.0 0.0
15 14 0.0 0.0 0.0 H 1.0 0.0 0.0
15 13 0.0 0.0 0.0 H 1.0 0.0 0.0
16 14 0.0 0.0 0.0 H 1.0 0.0 0.0
16 13 0.0 0.0 0.0 H 1.0 0.0 0.0
17 14 0.0 0.0 0.0 H 1.0 0.0 0.0
17 13 0.0 0.0 0.0 H 1.0 0.0 0.0
18 14 0.0 0.0 0.0 H 1.0 0.0 0.0
18 13 0.0 0.0 0.0 H 1.0 0.0 0.0
