14 joints
0 1 -0.0319107 -0.137105 0.0265531 H -0.247742 -0.63233 0.734018
0 0 -0.0774857 0.224245 0.00956087 H -0.36485 -0.680388 0.635577
1 2 -0.170357 -0.0769844 0.135563 S 0 0 0
1 1 0.069665 0.336281 0.0555288 S 0 0 0
2 2 0.141129 -0.0800242 0.167315 S 0 0 0
2 3 0.0699891 -0.283288 0.0945904 S 0 0 0
3 3 -0.0272734 0.177835 -0.0194337 H -0.293509 0.672115 0.67979
3 4 0.0266732 -0.24977 0.0214785 H -0.635833 0.454097 0.624109
4 2 0.034474 -0.115242 0.0205279 S 0 0 0
4 10 0.0300813 0.00455037 0.0397058 S 0 0 0
5 10 -0.0978791 0.00836593 0.00469451 S 0 0 0
5 11 0.108386 0.00311473 0.00488033 S 0 0 0
6 11 -0.105553 -0.0341063 -0.00392852 S 0 0 0
6 12 0.188091 0.000278125 0.0533521 S 0 0 0
7 12 -0.0395039 0.0173319 0.00560542 S 0 0 0
7 8 0.0159766 -0.0166481 -0.0204983 S 0 0 0
8 8 0.0987793 -0.0236927 -0.00179123 S 0 0 0
8 7 0.0608599 0.0376879 0.00704059 S 0 0 0
9 7 -0.116088 0.0580866 0.0715426 S 0 0 0
9 6 0.221602 -0.035267 0.029973 S 0 0 0
10 6 -0.10448 0.00345206 0.0461478 H -0.0103898 0.972707 0.231805
10 5 0.136313 -0.00629482 0.00245067 H 0.0137373 0.973864 0.226715
11 8 -0.0725409 -0.0253178 0.0172994 S 0 0 0
11 9 0.0304956 -0.022344 -0.0120102 S 0 0 0
12 9 -0.129621 -0.049465 0.0860662 S 0 0 0
12 14 0.221354 -0.00743656 0.0483239 S 0 0 0
13 14 -0.106305 0.00432181 0.0233331 H 0.463058 0.839888 -0.283134
13 13 0.128306 -0.0328148 0.0123821 H 0.546766 0.824583 -0.145291
